0
317
601
783
870
1030
1133
1543
1618
1782
2000
2045
2135
2262
2352
2410
2498
2591
2645
2689
2783
2831
2933
3018
3070
3124
3224
3375
3447
3907
4004
4216
4432
4695
4779
4927
5077
5181
5299
5521
5615
5758
5884
6020
6254
6664
6938
6988
7042
7276
7366
7476
7803
7885
7973
8069
8390
8510
8670
8736
8844
8928
9010
9238
9294
9416
9478
9667
9719
9943
10039
10287
10339
10425
10504
10586
10640
10692
10774
10850
10918
11187
11356
11439
11487
11631
11717
11803
12068
12130
12272
12394
12504
12596
12826
12890
12966
13095
13220
13301
13357
13455
13515
13604
13817
13925
13981
14057
14185
14460
14529
14673
15079
15239
15349
15443
15497
15555
15625
15681
15863
16031
16087
16203
16365
16595
16777
16980
17064
17161
17231
17315
17363
17443
17507
17579
17687
17799
18367
18441
18509
18557
18733
19275
19403
19463
19579
19637
19772
19836
19938
20074
20256
20311
20603
20714
20760
20868
21050
21421
21597
21765
21843
21921
22239
22351
22463
22751
22924
23089
23139
23213
23500
23788
24004
24287
24610
24821
24871
25156
25222
25374
25446
25532
25654
25712
26109
26223
26319
26369
26496
26638
26696
26748
26799
26887
26966
27072
27524
27805
28024
28330
28565
28806
28900
29016
29100
29150
29252
29315
29683
29849
29931
29981
30073
30207
30281
30353
30409
30669
30863
30914
31050
31109
31249
31368
31871
32213
32263
32356
32422
32592
32708
32770
32854
32990
33035
33167
33263
33323
33627
33679
33797
33873
33993
34263
34647
34802
35122
35184
35259
35367
35427
35526
35820
36148
36300
36643
36737
36847
36963
37060
37136
37581
37613
37731
37823
38095
38198
38393
38766
39081
39137
39227
39361
39529
39587
39914
40030
40106
40204
40258
40350
40560
40642
40754
40856
41194
41266
41364
41492
41696
42198
42264
42400
42723
42871
42945
43041
43436
43603
43877
43943
44067
44126
44260
44433
44537
44693
44872
44960
45196
45321
45425
45483
45556
46009
46112
46196
46304
46358
46458
46692
46884
47144
47244
47396
47544
47800
48174
48588
48732
48962
49026
49119
49209
49687
49805
50079
50229
50283
50387
50489
50861
51005
51097
51167
51293
51341
51429
51768
51884
52028
52187
52499
52682
52844
52926
53016
53096
53144
53228
53340
53410
53536
53695
53813
53913
53937
54015
54065
54311
54503
54557
54625
54839
55114
55238
55415
55597
55741
55953
56151
56195
56307
56547
56871
56937
57097
57283
57437
57541
57645
57716
57800
57872
58000
58080
58137
58261
58413
58550
58712
58823
58924
59020
59302
59351
59653
59745
59937
60081
60215
60325
60390
60488
60524
60599
60755
61034
61141
61527
61651
61893
61953
62037
62272
62380
62444
62574
62638
62723
62805
62919
63026
63138
63222
63397
63457
63533
63729
63946
64131
64582
64632
64748
64903
65213
65312
65573
65617
65698
65774
66053
66093
66229
66553
66688
66796
67118
67259
67399
67531
67587
67711
67885
68055
68163
68277
68379
68523
68734
68826
69146
69266
69387
69505
69676
69766
69842
70100
70410
70876
71000
71122
71214
71326
71594
71718
71930
72004
72094
72374
72488
72788
72860
72920
73008
73076
73164
73505
73566
73684
74056
74546
74652
74746
74792
74864
74998
75120
75342
75390
75708
75994
76044
76088
76158
76272
76348
76414
76605
76673
76737
76811
77182
77323
77578
77636
77826
77878
78247
78861
79177
79453
79553
79829
79913
80293
80405
80591
80784
81006
81136
81178
81268
81380
81468
81680
81750
82090
82348
82542
82600
82764
82904
83021
83077
83183
83275
83355
83415
83517
83609
83679
83897
83953
84037
84119
84307
84449
84485
84563
84847
85215
85495
85639
85697
85769
86057
86239
86479
86533
86627
86700
86820
87084
87610
87822
88025
88073
88159
88227
88680
88764
88844
88980
89032
89160
89266
89396
89456
89565
89637
89709
89831
89880
90049
90121
90213
90263
90347
90395
90489
90777
90937
91004
91128
91182
91226
91326
91416
91470
91690
91832
91934
92212
92450
92572
92758
92944
93040
93178
93414
93512
93610
93854
93938
94030
94262
94332
94412
94516
94646
94730
94844
94962
95042
95225
95321
95401
95449
95529
95811
95961
96047
96101
96255
96455
96635
96801
97285
97359
97443
97499
97543
97656
97756
97982
98082
98170
98214
98484
98586
98672
99038
99334
99600
99778
100214
100310
100528
100800
101154
101380
101732
102056
102220
102470
102582
102738
102832
102888
102968
103020
103126
103186
103264
103320
103424
103480
103598
103646
103770
103930
104509
104559
104643
104705
104955
105047
105095
105194
105358
105450
105500
105656
105782
106064
106362
106444
106584
106768
107088
107138
107298
107494
107562
107668
107802
107890
108065
108133
108225
108281
108467
108581
108645
108817
108905
108979
109060
109142
109218
109440
109981
110039
110151
110303
110403
110505
110573
110859
110925
111030
111098
111182
111610
111772
111890
112051
112115
112371
112541
112625
112871
112969
113209
113321
113495
113643
113879
114051
114109
114213
114273
114523
114659
114707
114791
114913
114963
115058
115324
115503
115600
115704
115770
115834
115932
116060
116366
116446
116560
116612
116765
116924
117256
117400
117634
117746
118036
118092
118166
118424
118539
118595
118671
118785
118887
118967
119089
119179
119239
119704
119750
119800
119908
120032
120098
120164
120312
120679
120745
120813
120925
121003
121353
121525
121769
121967
122225
122305
122461
122551
123009
123121
123221
123335
123403
123503
123551
123637
123687
123952
124260
124350
124451
124559
124901
124975
125197
125333
125383
125467
125771
126005
126296
126513
126711
126963
127247
127395
127463
127915
127959
128039
128093
128173
128377
128523
128613
128715
129111
129291
129427
129533
129583
129689
129766
129890
130008
130208
130332
130392
130484
130593
130899
130951
131063
131155
131396
131520
131648
131702
131785
131873
131951
132033
132089
132319
132593
132675
132851
132967
133051
133103
133151
133287
133343
133463
133622
133724
133790
133872
133920
133982
134042
134128
134172
134234
134334
134388
134524
134706
134754
135070
135250
135340
135595
135753
135885
135949
136123
136191
136601
136681
137155
137553
137611
137659
137745
137991
138055
138211
138369
138481
138597
138747
138813
138883
139047
139111
139454
139674
139732
139796
139944
140046
140164
140260
140324
140596
141085
141207
141255
141455
141685
141927
142031
142241
142347
142595
142816
142884
143004
143070
143178
143246
143400
143530
143603
143661
143843
144065
144424
144500
144786
144900
145006
145193
145325
145493
145665
145833
146217
146271
146584
147025
147133
147316
147541
147891
147965
148015
148347
148688
148818
148910
148958
149110
149348
149456
149758
149856
149932
150004
150210
150318
150686
150804
150978
151160
151651
151753
151821
151923
152194
152502
152676
152788
152942
153004
153100
153158
153274
153438
153498
153580
153804
153864
153944
154230
154442
154886
154966
155080
155373
155655
155709
155963
156143
156205
156299
156566
156914
156972
157100
157196
157348
157815
157921
157989
158074
158192
158248
158498
158652
158700
158796
158898
159002
159315
159393
159569
159629
159767
159837
159933
160071
160175
160399
160601
160845
160953
161157
161387
161495
161639
161781
162007
162255
162316
162470
162560
162648
162700
162822
162878
162971
163053
163101
163197
163529
163565
163647
163821
163891
164247
164485
164551
164631
164693
164977
165101
165306
165406
165482
165710
165788
165886
166012
166304
166672
166820
166974
167052
167136
167222
167314
167368
167452
167616
167722
167814
167900
168096
168148
168222
168286
168338
168534
168696
168852
169214
169272
169334
169416
169474
169562
169628
169720
169780
170120
170344
170478
170558
170720
170802
170870
170936
171034
171180
171236
171286
171350
171640
171736
171804
171886
171974
172388
172550
172920
173052
173142
173286
173400
173500
173660
173768
173950
174016
174136
174346
174446
174575
174741
174833
175007
175055
175141
175434
175552
175694
175925
176118
176409
176491
176566
176754
176852
176952
177094
177180
177314
177463
177595
177649
177769
177853
177909
177965
178127
178209
178279
178739
178801
178901
179005
179085
179131
179183
179441
179545
179737
179825
179949
180321
180419
180525
180697
180827
180949
181059
181135
181185
181291
181405
181475
181775
181827
181921
182299
182493
182691
182775
182825
182885
182959
183015
183185
183235
183655
183763
183915
183969
184219
184373
184465
184769
184817
184949
185155
185506
185653
185705
185859
185933
186061
186169
186447
186675
186759
186901
187016
187080
187162
187214
187424
187628
187762
187810
187964
188186
188484
188890
188968
189192
189268
189360
189498
189558
189650
189724
189874
189936
190028
190082
190230
190310
190400
190560
190664
190752
190938
191004
191104
191234
191496
191748
191938
192200
192708
192758
193064
193418
193516
193602
193966
194072
194116
194456
194542
194672
194822
194950
194994
195128
195242
195426
195703
195959
196073
196131
196337
196391
196453
196521
196747
196827
196857
196957
197287
197373
197649
197789
197883
197937
198027
198117
198199
198485
198533
198577
198643
198719
198775
199281
199375
199727
199845
199907
200035
200125
200605
200891
200949
201067
201143
201251
201425
201479
201561
201641
201699
201767
202185
202300
202502
202588
202670
202728
202850
203032
203096
203190
203402
203502
203554
203596
203680
203772
203830
203976
204072
204204
204256
204412
204528
204578
204666
205103
205539
205601
205673
205789
205883
205993
206299
206371
206423
206511
206639
206791
206869
206995
207063
207429
207579
207713
207757
207827
207921
208049
208161
208391
208463
208521
208581
209021
209185
209303
209385
209590
209658
209750
209814
210092
210198
210296
210532
210598
210722
210938
211060
211244
211374
211542
211610
211674
211784
211840
211902
211980
212034
212449
212565
212619
212713
213065
213143
213201
213261
213329
213435
213819
213939
214021
214073
214315
214413
214652
214872
215070
215234
215474
215534
215686
215734
216018
216130
216238
216314
216374
216504
216618
216718
216800
217030
217270
217344
217619
217773
217857
218001
218092
218222
218302
218400
218468
218718
218824
218986
219034
219186
219236
219380
219474
219548
219600
219829
219933
220081
220153
220283
220339
220429
220479
220535
220633
220689
221141
221225
221333
221485
221669
221901
222045
222143
222525
222739
222867
222953
223037
223091
223185
223281
223415
223487
223553
223645
223717
223789
223967
224079
224161
224231
224289
224579
224959
225223
225433
225531
225591
225713
225909
226194
226693
226741
226841
226933
227253
227373
227585
227703
227779
227827
228089
228413
228485
228581
228651
228923
229037
229137
229219
229306
229418
229466
229575
229777
229867
229941
230113
230247
230299
230395
230445
230711
230759
231200
231302
231408
231500
231564
231736
231850
231976
232234
232336
232390
232460
232772
233188
233504
233674
233800
233890
234234
234384
234629
234811
234915
235293
235492
235600
235650
235768
236150
236236
236396
236466
236532
236868
236924
237030
237116
237184
237294
237379
237451
237517
237613
237921
238015
238119
238179
238223
238307
238415
238487
238559
238747
238859
239047
239077
239155
239351
239579
239651
239757
239825
239947
240105
240181
240235
240631
240681
240739
240783
240827
241167
241281
241351
241409
241530
241644
241696
241810
241929
242155
242257
242325
242493
242735
242761
242841
242953
243021
243087
243209
243323
243469
243867
243983
244219
244569
244677
244783
244851
245015
245327
245375
245701
245865
245951
246065
246275
246371
246483
246889
247142
247442
247877
247933
248013
248225
248347
248407
248503
248551
248673
248967
249079
249201
249535
249591
249663
249737
249781
249895
249951
250149
250289
250383
250769
250923
251030
251112
251153
251335
251457
251579
251635
251709
251835
251985
252077
252181
252379
252435
252793
252907
252957
253110
253344
253394
253494
253542
253844
254026
254166
254240
254304
254388
254432
254582
254958
255152
255598
255694
255766
255830
255940
256016
256118
256198
256264
256314
256530
256620
256681
256731
256811
256913
257029
257355
257691
257841
257986
258048
258291
258385
258637
258935
259051
259183
259279
259633
259723
259817
260100
260540
260716
260802
261118
261315
261443
261795
261903
262037
262123
262171
262267
262321
262389
262453
262519
262622
262692
262766
262824
262900
262978
263098
263146
263236
263294
263406
263478
263602
263742
263990
264114
264202
264268
264348
264398
264478
264562
264700
264773
264825
264935
265033
265123
265207
265383
265574
265782
266080
266210
266290
266458
266834
266910
266978
267044
267134
267272
267342
267418
267536
267586
267690
267744
267796
267892
267950
268232
268570
268624
268818
269190
269254
269360
269414
269544
269616
269776
269876
269961
270119
270259
270455
270505
270545
270615
270691
270953
271033
271105
271149
271219
271544
271768
271882
271956
272016
272136
272298
272398
272464
272604
272656
272884
273178
273248
273316
273528
273664
273970
274026
274190
274264
274326
274470
274666
274776
274884
275122
275242
275312
275404
275550
275632
275774
275994
276086
276310
276416
276546
276606
276692
276748
276882
276958
277088
277220
277382
277502
277648
277987
278059
278115
278197
278365
278493
278557
278679
278733
278807
278899
279013
279073
279415
279491
279797
279869
280037
280188
280352
280568
280652
280716
280786
280836
281300
281376
281460
281532
281694
281788
281840
281900
282216
282266
282400
282516
282608
282678
282732
282828
283138
283338
283438
283762
283872
284084
284284
284388
284516
284698
285060
285124
285218
285324
285450
285582
285630
285712
285774
285852
285974
286076
286138
286228
286322
286408
286460
286512
286626
286688
286762
286836
287030
287272
287568
287812
287860
287952
288232
288428
288574
288794
288984
289000
